0.99 -0.01 -0.01
0.99 -0.01 -0.00777778
0.99 -0.01 -0.00555556
0.99 -0.01 -0.00333333
0.99 -0.01 -0.00111111
0.99 -0.01 0.00111111
0.99 -0.01 0.00333333
0.99 -0.01 0.00555556
0.99 -0.01 0.00777778
0.99 -0.01 0.01
0.99 -0.00777778 -0.01
0.99 -0.00777778 -0.00777778
0.99 -0.00777778 -0.00555556
0.99 -0.00777778 -0.00333333
0.99 -0.00777778 -0.00111111
0.99 -0.00777778 0.00111111
0.99 -0.00777778 0.00333333
0.99 -0.00777778 0.00555556
0.99 -0.00777778 0.00777778
0.99 -0.00777778 0.01
0.99 -0.00555556 -0.01
0.99 -0.00555556 -0.00777778
0.99 -0.00555556 -0.00555556
0.99 -0.00555556 -0.00333333
0.99 -0.00555556 -0.00111111
0.99 -0.00555556 0.00111111
0.99 -0.00555556 0.00333333
0.99 -0.00555556 0.00555556
0.99 -0.00555556 0.00777778
0.99 -0.00555556 0.01
0.99 -0.00333333 -0.01
0.99 -0.00333333 -0.00777778
0.99 -0.00333333 -0.00555556
0.99 -0.00333333 -0.00333333
0.99 -0.00333333 -0.00111111
0.99 -0.00333333 0.00111111
0.99 -0.00333333 0.00333333
0.99 -0.00333333 0.00555556
0.99 -0.00333333 0.00777778
0.99 -0.00333333 0.01
0.99 -0.00111111 -0.01
0.99 -0.00111111 -0.00777778
0.99 -0.00111111 -0.00555556
0.99 -0.00111111 -0.00333333
0.99 -0.00111111 -0.00111111
0.99 -0.00111111 0.00111111
0.99 -0.00111111 0.00333333
0.99 -0.00111111 0.00555556
0.99 -0.00111111 0.00777778
0.99 -0.00111111 0.01
0.99 0.00111111 -0.01
0.99 0.00111111 -0.00777778
0.99 0.00111111 -0.00555556
0.99 0.00111111 -0.00333333
0.99 0.00111111 -0.00111111
0.99 0.00111111 0.00111111
0.99 0.00111111 0.00333333
0.99 0.00111111 0.00555556
0.99 0.00111111 0.00777778
0.99 0.00111111 0.01
0.99 0.00333333 -0.01
0.99 0.00333333 -0.00777778
0.99 0.00333333 -0.00555556
0.99 0.00333333 -0.00333333
0.99 0.00333333 -0.00111111
0.99 0.00333333 0.00111111
0.99 0.00333333 0.00333333
0.99 0.00333333 0.00555556
0.99 0.00333333 0.00777778
0.99 0.00333333 0.01
0.99 0.00555556 -0.01
0.99 0.00555556 -0.00777778
0.99 0.00555556 -0.00555556
0.99 0.00555556 -0.00333333
0.99 0.00555556 -0.00111111
0.99 0.00555556 0.00111111
0.99 0.00555556 0.00333333
0.99 0.00555556 0.00555556
0.99 0.00555556 0.00777778
0.99 0.00555556 0.01
0.99 0.00777778 -0.01
0.99 0.00777778 -0.00777778
0.99 0.00777778 -0.00555556
0.99 0.00777778 -0.00333333
0.99 0.00777778 -0.00111111
0.99 0.00777778 0.00111111
0.99 0.00777778 0.00333333
0.99 0.00777778 0.00555556
0.99 0.00777778 0.00777778
0.99 0.00777778 0.01
0.99 0.01 -0.01
0.99 0.01 -0.00777778
0.99 0.01 -0.00555556
0.99 0.01 -0.00333333
0.99 0.01 -0.00111111
0.99 0.01 0.00111111
0.99 0.01 0.00333333
0.99 0.01 0.00555556
0.99 0.01 0.00777778
0.99 0.01 0.01
0.992222 -0.01 -0.01
0.992222 -0.01 -0.00777778
0.992222 -0.01 -0.00555556
0.992222 -0.01 -0.00333333
0.992222 -0.01 -0.00111111
0.992222 -0.01 0.00111111
0.992222 -0.01 0.00333333
0.992222 -0.01 0.00555556
0.992222 -0.01 0.00777778
0.992222 -0.01 0.01
0.992222 -0.00777778 -0.01
0.992222 -0.00777778 -0.00777778
0.992222 -0.00777778 -0.00555556
0.992222 -0.00777778 -0.00333333
0.992222 -0.00777778 -0.00111111
0.992222 -0.00777778 0.00111111
0.992222 -0.00777778 0.00333333
0.992222 -0.00777778 0.00555556
0.992222 -0.00777778 0.00777778
0.992222 -0.00777778 0.01
0.992222 -0.00555556 -0.01
0.992222 -0.00555556 -0.00777778
0.992222 -0.00555556 -0.00555556
0.992222 -0.00555556 -0.00333333
0.992222 -0.00555556 -0.00111111
0.992222 -0.00555556 0.00111111
0.992222 -0.00555556 0.00333333
0.992222 -0.00555556 0.00555556
0.992222 -0.00555556 0.00777778
0.992222 -0.00555556 0.01
0.992222 -0.00333333 -0.01
0.992222 -0.00333333 -0.00777778
0.992222 -0.00333333 -0.00555556
0.992222 -0.00333333 -0.00333333
0.992222 -0.00333333 -0.00111111
0.992222 -0.00333333 0.00111111
0.992222 -0.00333333 0.00333333
0.992222 -0.00333333 0.00555556
0.992222 -0.00333333 0.00777778
0.992222 -0.00333333 0.01
0.992222 -0.00111111 -0.01
0.992222 -0.00111111 -0.00777778
0.992222 -0.00111111 -0.00555556
0.992222 -0.00111111 -0.00333333
0.992222 -0.00111111 -0.00111111
0.992222 -0.00111111 0.00111111
0.992222 -0.00111111 0.00333333
0.992222 -0.00111111 0.00555556
0.992222 -0.00111111 0.00777778
0.992222 -0.00111111 0.01
0.992222 0.00111111 -0.01
0.992222 0.00111111 -0.00777778
0.992222 0.00111111 -0.00555556
0.992222 0.00111111 -0.00333333
0.992222 0.00111111 -0.00111111
0.992222 0.00111111 0.00111111
0.992222 0.00111111 0.00333333
0.992222 0.00111111 0.00555556
0.992222 0.00111111 0.00777778
0.992222 0.00111111 0.01
0.992222 0.00333333 -0.01
0.992222 0.00333333 -0.00777778
0.992222 0.00333333 -0.00555556
0.992222 0.00333333 -0.00333333
0.992222 0.00333333 -0.00111111
0.992222 0.00333333 0.00111111
0.992222 0.00333333 0.00333333
0.992222 0.00333333 0.00555556
0.992222 0.00333333 0.00777778
0.992222 0.00333333 0.01
0.992222 0.00555556 -0.01
0.992222 0.00555556 -0.00777778
0.992222 0.00555556 -0.00555556
0.992222 0.00555556 -0.00333333
0.992222 0.00555556 -0.00111111
0.992222 0.00555556 0.00111111
0.992222 0.00555556 0.00333333
0.992222 0.00555556 0.00555556
0.992222 0.00555556 0.00777778
0.992222 0.00555556 0.01
0.992222 0.00777778 -0.01
0.992222 0.00777778 -0.00777778
0.992222 0.00777778 -0.00555556
0.992222 0.00777778 -0.00333333
0.992222 0.00777778 -0.00111111
0.992222 0.00777778 0.00111111
0.992222 0.00777778 0.00333333
0.992222 0.00777778 0.00555556
0.992222 0.00777778 0.00777778
0.992222 0.00777778 0.01
0.992222 0.01 -0.01
0.992222 0.01 -0.00777778
0.992222 0.01 -0.00555556
0.992222 0.01 -0.00333333
0.992222 0.01 -0.00111111
0.992222 0.01 0.00111111
0.992222 0.01 0.00333333
0.992222 0.01 0.00555556
0.992222 0.01 0.00777778
0.992222 0.01 0.01
0.994444 -0.01 -0.01
0.994444 -0.01 -0.00777778
0.994444 -0.01 -0.00555556
0.994444 -0.01 -0.00333333
0.994444 -0.01 -0.00111111
0.994444 -0.01 0.00111111
0.994444 -0.01 0.00333333
0.994444 -0.01 0.00555556
0.994444 -0.01 0.00777778
0.994444 -0.01 0.01
0.994444 -0.00777778 -0.01
0.994444 -0.00777778 -0.00777778
0.994444 -0.00777778 -0.00555556
0.994444 -0.00777778 -0.00333333
0.994444 -0.00777778 -0.00111111
0.994444 -0.00777778 0.00111111
0.994444 -0.00777778 0.00333333
0.994444 -0.00777778 0.00555556
0.994444 -0.00777778 0.00777778
0.994444 -0.00777778 0.01
0.994444 -0.00555556 -0.01
0.994444 -0.00555556 -0.00777778
0.994444 -0.00555556 -0.00555556
0.994444 -0.00555556 -0.00333333
0.994444 -0.00555556 -0.00111111
0.994444 -0.00555556 0.00111111
0.994444 -0.00555556 0.00333333
0.994444 -0.00555556 0.00555556
0.994444 -0.00555556 0.00777778
0.994444 -0.00555556 0.01
0.994444 -0.00333333 -0.01
0.994444 -0.00333333 -0.00777778
0.994444 -0.00333333 -0.00555556
0.994444 -0.00333333 -0.00333333
0.994444 -0.00333333 -0.00111111
0.994444 -0.00333333 0.00111111
0.994444 -0.00333333 0.00333333
0.994444 -0.00333333 0.00555556
0.994444 -0.00333333 0.00777778
0.994444 -0.00333333 0.01
0.994444 -0.00111111 -0.01
0.994444 -0.00111111 -0.00777778
0.994444 -0.00111111 -0.00555556
0.994444 -0.00111111 -0.00333333
0.994444 -0.00111111 -0.00111111
0.994444 -0.00111111 0.00111111
0.994444 -0.00111111 0.00333333
0.994444 -0.00111111 0.00555556
0.994444 -0.00111111 0.00777778
0.994444 -0.00111111 0.01
0.994444 0.00111111 -0.01
0.994444 0.00111111 -0.00777778
0.994444 0.00111111 -0.00555556
0.994444 0.00111111 -0.00333333
0.994444 0.00111111 -0.00111111
0.994444 0.00111111 0.00111111
0.994444 0.00111111 0.00333333
0.994444 0.00111111 0.00555556
0.994444 0.00111111 0.00777778
0.994444 0.00111111 0.01
0.994444 0.00333333 -0.01
0.994444 0.00333333 -0.00777778
0.994444 0.00333333 -0.00555556
0.994444 0.00333333 -0.00333333
0.994444 0.00333333 -0.00111111
0.994444 0.00333333 0.00111111
0.994444 0.00333333 0.00333333
0.994444 0.00333333 0.00555556
0.994444 0.00333333 0.00777778
0.994444 0.00333333 0.01
0.994444 0.00555556 -0.01
0.994444 0.00555556 -0.00777778
0.994444 0.00555556 -0.00555556
0.994444 0.00555556 -0.00333333
0.994444 0.00555556 -0.00111111
0.994444 0.00555556 0.00111111
0.994444 0.00555556 0.00333333
0.994444 0.00555556 0.00555556
0.994444 0.00555556 0.00777778
0.994444 0.00555556 0.01
0.994444 0.00777778 -0.01
0.994444 0.00777778 -0.00777778
0.994444 0.00777778 -0.00555556
0.994444 0.00777778 -0.00333333
0.994444 0.00777778 -0.00111111
0.994444 0.00777778 0.00111111
0.994444 0.00777778 0.00333333
0.994444 0.00777778 0.00555556
0.994444 0.00777778 0.00777778
0.994444 0.00777778 0.01
0.994444 0.01 -0.01
0.994444 0.01 -0.00777778
0.994444 0.01 -0.00555556
0.994444 0.01 -0.00333333
0.994444 0.01 -0.00111111
0.994444 0.01 0.00111111
0.994444 0.01 0.00333333
0.994444 0.01 0.00555556
0.994444 0.01 0.00777778
0.994444 0.01 0.01
0.996667 -0.01 -0.01
0.996667 -0.01 -0.00777778
0.996667 -0.01 -0.00555556
0.996667 -0.01 -0.00333333
0.996667 -0.01 -0.00111111
0.996667 -0.01 0.00111111
0.996667 -0.01 0.00333333
0.996667 -0.01 0.00555556
0.996667 -0.01 0.00777778
0.996667 -0.01 0.01
0.996667 -0.00777778 -0.01
0.996667 -0.00777778 -0.00777778
0.996667 -0.00777778 -0.00555556
0.996667 -0.00777778 -0.00333333
0.996667 -0.00777778 -0.00111111
0.996667 -0.00777778 0.00111111
0.996667 -0.00777778 0.00333333
0.996667 -0.00777778 0.00555556
0.996667 -0.00777778 0.00777778
0.996667 -0.00777778 0.01
0.996667 -0.00555556 -0.01
0.996667 -0.00555556 -0.00777778
0.996667 -0.00555556 -0.00555556
0.996667 -0.00555556 -0.00333333
0.996667 -0.00555556 -0.00111111
0.996667 -0.00555556 0.00111111
0.996667 -0.00555556 0.00333333
0.996667 -0.00555556 0.00555556
0.996667 -0.00555556 0.00777778
0.996667 -0.00555556 0.01
0.996667 -0.00333333 -0.01
0.996667 -0.00333333 -0.00777778
0.996667 -0.00333333 -0.00555556
0.996667 -0.00333333 -0.00333333
0.996667 -0.00333333 -0.00111111
0.996667 -0.00333333 0.00111111
0.996667 -0.00333333 0.00333333
0.996667 -0.00333333 0.00555556
0.996667 -0.00333333 0.00777778
0.996667 -0.00333333 0.01
0.996667 -0.00111111 -0.01
0.996667 -0.00111111 -0.00777778
0.996667 -0.00111111 -0.00555556
0.996667 -0.00111111 -0.00333333
0.996667 -0.00111111 -0.00111111
0.996667 -0.00111111 0.00111111
0.996667 -0.00111111 0.00333333
0.996667 -0.00111111 0.00555556
0.996667 -0.00111111 0.00777778
0.996667 -0.00111111 0.01
0.996667 0.00111111 -0.01
0.996667 0.00111111 -0.00777778
0.996667 0.00111111 -0.00555556
0.996667 0.00111111 -0.00333333
0.996667 0.00111111 -0.00111111
0.996667 0.00111111 0.00111111
0.996667 0.00111111 0.00333333
0.996667 0.00111111 0.00555556
0.996667 0.00111111 0.00777778
0.996667 0.00111111 0.01
0.996667 0.00333333 -0.01
0.996667 0.00333333 -0.00777778
0.996667 0.00333333 -0.00555556
0.996667 0.00333333 -0.00333333
0.996667 0.00333333 -0.00111111
0.996667 0.00333333 0.00111111
0.996667 0.00333333 0.00333333
0.996667 0.00333333 0.00555556
0.996667 0.00333333 0.00777778
0.996667 0.00333333 0.01
0.996667 0.00555556 -0.01
0.996667 0.00555556 -0.00777778
0.996667 0.00555556 -0.00555556
0.996667 0.00555556 -0.00333333
0.996667 0.00555556 -0.00111111
0.996667 0.00555556 0.00111111
0.996667 0.00555556 0.00333333
0.996667 0.00555556 0.00555556
0.996667 0.00555556 0.00777778
0.996667 0.00555556 0.01
0.996667 0.00777778 -0.01
0.996667 0.00777778 -0.00777778
0.996667 0.00777778 -0.00555556
0.996667 0.00777778 -0.00333333
0.996667 0.00777778 -0.00111111
0.996667 0.00777778 0.00111111
0.996667 0.00777778 0.00333333
0.996667 0.00777778 0.00555556
0.996667 0.00777778 0.00777778
0.996667 0.00777778 0.01
0.996667 0.01 -0.01
0.996667 0.01 -0.00777778
0.996667 0.01 -0.00555556
0.996667 0.01 -0.00333333
0.996667 0.01 -0.00111111
0.996667 0.01 0.00111111
0.996667 0.01 0.00333333
0.996667 0.01 0.00555556
0.996667 0.01 0.00777778
0.996667 0.01 0.01
0.998889 -0.01 -0.01
0.998889 -0.01 -0.00777778
0.998889 -0.01 -0.00555556
0.998889 -0.01 -0.00333333
0.998889 -0.01 -0.00111111
0.998889 -0.01 0.00111111
0.998889 -0.01 0.00333333
0.998889 -0.01 0.00555556
0.998889 -0.01 0.00777778
0.998889 -0.01 0.01
0.998889 -0.00777778 -0.01
0.998889 -0.00777778 -0.00777778
0.998889 -0.00777778 -0.00555556
0.998889 -0.00777778 -0.00333333
0.998889 -0.00777778 -0.00111111
0.998889 -0.00777778 0.00111111
0.998889 -0.00777778 0.00333333
0.998889 -0.00777778 0.00555556
0.998889 -0.00777778 0.00777778
0.998889 -0.00777778 0.01
0.998889 -0.00555556 -0.01
0.998889 -0.00555556 -0.00777778
0.998889 -0.00555556 -0.00555556
0.998889 -0.00555556 -0.00333333
0.998889 -0.00555556 -0.00111111
0.998889 -0.00555556 0.00111111
0.998889 -0.00555556 0.00333333
0.998889 -0.00555556 0.00555556
0.998889 -0.00555556 0.00777778
0.998889 -0.00555556 0.01
0.998889 -0.00333333 -0.01
0.998889 -0.00333333 -0.00777778
0.998889 -0.00333333 -0.00555556
0.998889 -0.00333333 -0.00333333
0.998889 -0.00333333 -0.00111111
0.998889 -0.00333333 0.00111111
0.998889 -0.00333333 0.00333333
0.998889 -0.00333333 0.00555556
0.998889 -0.00333333 0.00777778
0.998889 -0.00333333 0.01
0.998889 -0.00111111 -0.01
0.998889 -0.00111111 -0.00777778
0.998889 -0.00111111 -0.00555556
0.998889 -0.00111111 -0.00333333
0.998889 -0.00111111 -0.00111111
0.998889 -0.00111111 0.00111111
0.998889 -0.00111111 0.00333333
0.998889 -0.00111111 0.00555556
0.998889 -0.00111111 0.00777778
0.998889 -0.00111111 0.01
0.998889 0.00111111 -0.01
0.998889 0.00111111 -0.00777778
0.998889 0.00111111 -0.00555556
0.998889 0.00111111 -0.00333333
0.998889 0.00111111 -0.00111111
0.998889 0.00111111 0.00111111
0.998889 0.00111111 0.00333333
0.998889 0.00111111 0.00555556
0.998889 0.00111111 0.00777778
0.998889 0.00111111 0.01
0.998889 0.00333333 -0.01
0.998889 0.00333333 -0.00777778
0.998889 0.00333333 -0.00555556
0.998889 0.00333333 -0.00333333
0.998889 0.00333333 -0.00111111
0.998889 0.00333333 0.00111111
0.998889 0.00333333 0.00333333
0.998889 0.00333333 0.00555556
0.998889 0.00333333 0.00777778
0.998889 0.00333333 0.01
0.998889 0.00555556 -0.01
0.998889 0.00555556 -0.00777778
0.998889 0.00555556 -0.00555556
0.998889 0.00555556 -0.00333333
0.998889 0.00555556 -0.00111111
0.998889 0.00555556 0.00111111
0.998889 0.00555556 0.00333333
0.998889 0.00555556 0.00555556
0.998889 0.00555556 0.00777778
0.998889 0.00555556 0.01
0.998889 0.00777778 -0.01
0.998889 0.00777778 -0.00777778
0.998889 0.00777778 -0.00555556
0.998889 0.00777778 -0.00333333
0.998889 0.00777778 -0.00111111
0.998889 0.00777778 0.00111111
0.998889 0.00777778 0.00333333
0.998889 0.00777778 0.00555556
0.998889 0.00777778 0.00777778
0.998889 0.00777778 0.01
0.998889 0.01 -0.01
0.998889 0.01 -0.00777778
0.998889 0.01 -0.00555556
0.998889 0.01 -0.00333333
0.998889 0.01 -0.00111111
0.998889 0.01 0.00111111
0.998889 0.01 0.00333333
0.998889 0.01 0.00555556
0.998889 0.01 0.00777778
0.998889 0.01 0.01
1.00111 -0.01 -0.01
1.00111 -0.01 -0.00777778
1.00111 -0.01 -0.00555556
1.00111 -0.01 -0.00333333
1.00111 -0.01 -0.00111111
1.00111 -0.01 0.00111111
1.00111 -0.01 0.00333333
1.00111 -0.01 0.00555556
1.00111 -0.01 0.00777778
1.00111 -0.01 0.01
1.00111 -0.00777778 -0.01
1.00111 -0.00777778 -0.00777778
1.00111 -0.00777778 -0.00555556
1.00111 -0.00777778 -0.00333333
1.00111 -0.00777778 -0.00111111
1.00111 -0.00777778 0.00111111
1.00111 -0.00777778 0.00333333
1.00111 -0.00777778 0.00555556
1.00111 -0.00777778 0.00777778
1.00111 -0.00777778 0.01
1.00111 -0.00555556 -0.01
1.00111 -0.00555556 -0.00777778
1.00111 -0.00555556 -0.00555556
1.00111 -0.00555556 -0.00333333
1.00111 -0.00555556 -0.00111111
1.00111 -0.00555556 0.00111111
1.00111 -0.00555556 0.00333333
1.00111 -0.00555556 0.00555556
1.00111 -0.00555556 0.00777778
1.00111 -0.00555556 0.01
1.00111 -0.00333333 -0.01
1.00111 -0.00333333 -0.00777778
1.00111 -0.00333333 -0.00555556
1.00111 -0.00333333 -0.00333333
1.00111 -0.00333333 -0.00111111
1.00111 -0.00333333 0.00111111
1.00111 -0.00333333 0.00333333
1.00111 -0.00333333 0.00555556
1.00111 -0.00333333 0.00777778
1.00111 -0.00333333 0.01
1.00111 -0.00111111 -0.01
1.00111 -0.00111111 -0.00777778
1.00111 -0.00111111 -0.00555556
1.00111 -0.00111111 -0.00333333
1.00111 -0.00111111 -0.00111111
1.00111 -0.00111111 0.00111111
1.00111 -0.00111111 0.00333333
1.00111 -0.00111111 0.00555556
1.00111 -0.00111111 0.00777778
1.00111 -0.00111111 0.01
1.00111 0.00111111 -0.01
1.00111 0.00111111 -0.00777778
1.00111 0.00111111 -0.00555556
1.00111 0.00111111 -0.00333333
1.00111 0.00111111 -0.00111111
1.00111 0.00111111 0.00111111
1.00111 0.00111111 0.00333333
1.00111 0.00111111 0.00555556
1.00111 0.00111111 0.00777778
1.00111 0.00111111 0.01
1.00111 0.00333333 -0.01
1.00111 0.00333333 -0.00777778
1.00111 0.00333333 -0.00555556
1.00111 0.00333333 -0.00333333
1.00111 0.00333333 -0.00111111
1.00111 0.00333333 0.00111111
1.00111 0.00333333 0.00333333
1.00111 0.00333333 0.00555556
1.00111 0.00333333 0.00777778
1.00111 0.00333333 0.01
1.00111 0.00555556 -0.01
1.00111 0.00555556 -0.00777778
1.00111 0.00555556 -0.00555556
1.00111 0.00555556 -0.00333333
1.00111 0.00555556 -0.00111111
1.00111 0.00555556 0.00111111
1.00111 0.00555556 0.00333333
1.00111 0.00555556 0.00555556
1.00111 0.00555556 0.00777778
1.00111 0.00555556 0.01
1.00111 0.00777778 -0.01
1.00111 0.00777778 -0.00777778
1.00111 0.00777778 -0.00555556
1.00111 0.00777778 -0.00333333
1.00111 0.00777778 -0.00111111
1.00111 0.00777778 0.00111111
1.00111 0.00777778 0.00333333
1.00111 0.00777778 0.00555556
1.00111 0.00777778 0.00777778
1.00111 0.00777778 0.01
1.00111 0.01 -0.01
1.00111 0.01 -0.00777778
1.00111 0.01 -0.00555556
1.00111 0.01 -0.00333333
1.00111 0.01 -0.00111111
1.00111 0.01 0.00111111
1.00111 0.01 0.00333333
1.00111 0.01 0.00555556
1.00111 0.01 0.00777778
1.00111 0.01 0.01
1.00333 -0.01 -0.01
1.00333 -0.01 -0.00777778
1.00333 -0.01 -0.00555556
1.00333 -0.01 -0.00333333
1.00333 -0.01 -0.00111111
1.00333 -0.01 0.00111111
1.00333 -0.01 0.00333333
1.00333 -0.01 0.00555556
1.00333 -0.01 0.00777778
1.00333 -0.01 0.01
1.00333 -0.00777778 -0.01
1.00333 -0.00777778 -0.00777778
1.00333 -0.00777778 -0.00555556
1.00333 -0.00777778 -0.00333333
1.00333 -0.00777778 -0.00111111
1.00333 -0.00777778 0.00111111
1.00333 -0.00777778 0.00333333
1.00333 -0.00777778 0.00555556
1.00333 -0.00777778 0.00777778
1.00333 -0.00777778 0.01
1.00333 -0.00555556 -0.01
1.00333 -0.00555556 -0.00777778
1.00333 -0.00555556 -0.00555556
1.00333 -0.00555556 -0.00333333
1.00333 -0.00555556 -0.00111111
1.00333 -0.00555556 0.00111111
1.00333 -0.00555556 0.00333333
1.00333 -0.00555556 0.00555556
1.00333 -0.00555556 0.00777778
1.00333 -0.00555556 0.01
1.00333 -0.00333333 -0.01
1.00333 -0.00333333 -0.00777778
1.00333 -0.00333333 -0.00555556
1.00333 -0.00333333 -0.00333333
1.00333 -0.00333333 -0.00111111
1.00333 -0.00333333 0.00111111
1.00333 -0.00333333 0.00333333
1.00333 -0.00333333 0.00555556
1.00333 -0.00333333 0.00777778
1.00333 -0.00333333 0.01
1.00333 -0.00111111 -0.01
1.00333 -0.00111111 -0.00777778
1.00333 -0.00111111 -0.00555556
1.00333 -0.00111111 -0.00333333
1.00333 -0.00111111 -0.00111111
1.00333 -0.00111111 0.00111111
1.00333 -0.00111111 0.00333333
1.00333 -0.00111111 0.00555556
1.00333 -0.00111111 0.00777778
1.00333 -0.00111111 0.01
1.00333 0.00111111 -0.01
1.00333 0.00111111 -0.00777778
1.00333 0.00111111 -0.00555556
1.00333 0.00111111 -0.00333333
1.00333 0.00111111 -0.00111111
1.00333 0.00111111 0.00111111
1.00333 0.00111111 0.00333333
1.00333 0.00111111 0.00555556
1.00333 0.00111111 0.00777778
1.00333 0.00111111 0.01
1.00333 0.00333333 -0.01
1.00333 0.00333333 -0.00777778
1.00333 0.00333333 -0.00555556
1.00333 0.00333333 -0.00333333
1.00333 0.00333333 -0.00111111
1.00333 0.00333333 0.00111111
1.00333 0.00333333 0.00333333
1.00333 0.00333333 0.00555556
1.00333 0.00333333 0.00777778
1.00333 0.00333333 0.01
1.00333 0.00555556 -0.01
1.00333 0.00555556 -0.00777778
1.00333 0.00555556 -0.00555556
1.00333 0.00555556 -0.00333333
1.00333 0.00555556 -0.00111111
1.00333 0.00555556 0.00111111
1.00333 0.00555556 0.00333333
1.00333 0.00555556 0.00555556
1.00333 0.00555556 0.00777778
1.00333 0.00555556 0.01
1.00333 0.00777778 -0.01
1.00333 0.00777778 -0.00777778
1.00333 0.00777778 -0.00555556
1.00333 0.00777778 -0.00333333
1.00333 0.00777778 -0.00111111
1.00333 0.00777778 0.00111111
1.00333 0.00777778 0.00333333
1.00333 0.00777778 0.00555556
1.00333 0.00777778 0.00777778
1.00333 0.00777778 0.01
1.00333 0.01 -0.01
1.00333 0.01 -0.00777778
1.00333 0.01 -0.00555556
1.00333 0.01 -0.00333333
1.00333 0.01 -0.00111111
1.00333 0.01 0.00111111
1.00333 0.01 0.00333333
1.00333 0.01 0.00555556
1.00333 0.01 0.00777778
1.00333 0.01 0.01
1.00556 -0.01 -0.01
1.00556 -0.01 -0.00777778
1.00556 -0.01 -0.00555556
1.00556 -0.01 -0.00333333
1.00556 -0.01 -0.00111111
1.00556 -0.01 0.00111111
1.00556 -0.01 0.00333333
1.00556 -0.01 0.00555556
1.00556 -0.01 0.00777778
1.00556 -0.01 0.01
1.00556 -0.00777778 -0.01
1.00556 -0.00777778 -0.00777778
1.00556 -0.00777778 -0.00555556
1.00556 -0.00777778 -0.00333333
1.00556 -0.00777778 -0.00111111
1.00556 -0.00777778 0.00111111
1.00556 -0.00777778 0.00333333
1.00556 -0.00777778 0.00555556
1.00556 -0.00777778 0.00777778
1.00556 -0.00777778 0.01
1.00556 -0.00555556 -0.01
1.00556 -0.00555556 -0.00777778
1.00556 -0.00555556 -0.00555556
1.00556 -0.00555556 -0.00333333
1.00556 -0.00555556 -0.00111111
1.00556 -0.00555556 0.00111111
1.00556 -0.00555556 0.00333333
1.00556 -0.00555556 0.00555556
1.00556 -0.00555556 0.00777778
1.00556 -0.00555556 0.01
1.00556 -0.00333333 -0.01
1.00556 -0.00333333 -0.00777778
1.00556 -0.00333333 -0.00555556
1.00556 -0.00333333 -0.00333333
1.00556 -0.00333333 -0.00111111
1.00556 -0.00333333 0.00111111
1.00556 -0.00333333 0.00333333
1.00556 -0.00333333 0.00555556
1.00556 -0.00333333 0.00777778
1.00556 -0.00333333 0.01
1.00556 -0.00111111 -0.01
1.00556 -0.00111111 -0.00777778
1.00556 -0.00111111 -0.00555556
1.00556 -0.00111111 -0.00333333
1.00556 -0.00111111 -0.00111111
1.00556 -0.00111111 0.00111111
1.00556 -0.00111111 0.00333333
1.00556 -0.00111111 0.00555556
1.00556 -0.00111111 0.00777778
1.00556 -0.00111111 0.01
1.00556 0.00111111 -0.01
1.00556 0.00111111 -0.00777778
1.00556 0.00111111 -0.00555556
1.00556 0.00111111 -0.00333333
1.00556 0.00111111 -0.00111111
1.00556 0.00111111 0.00111111
1.00556 0.00111111 0.00333333
1.00556 0.00111111 0.00555556
1.00556 0.00111111 0.00777778
1.00556 0.00111111 0.01
1.00556 0.00333333 -0.01
1.00556 0.00333333 -0.00777778
1.00556 0.00333333 -0.00555556
1.00556 0.00333333 -0.00333333
1.00556 0.00333333 -0.00111111
1.00556 0.00333333 0.00111111
1.00556 0.00333333 0.00333333
1.00556 0.00333333 0.00555556
1.00556 0.00333333 0.00777778
1.00556 0.00333333 0.01
1.00556 0.00555556 -0.01
1.00556 0.00555556 -0.00777778
1.00556 0.00555556 -0.00555556
1.00556 0.00555556 -0.00333333
1.00556 0.00555556 -0.00111111
1.00556 0.00555556 0.00111111
1.00556 0.00555556 0.00333333
1.00556 0.00555556 0.00555556
1.00556 0.00555556 0.00777778
1.00556 0.00555556 0.01
1.00556 0.00777778 -0.01
1.00556 0.00777778 -0.00777778
1.00556 0.00777778 -0.00555556
1.00556 0.00777778 -0.00333333
1.00556 0.00777778 -0.00111111
1.00556 0.00777778 0.00111111
1.00556 0.00777778 0.00333333
1.00556 0.00777778 0.00555556
1.00556 0.00777778 0.00777778
1.00556 0.00777778 0.01
1.00556 0.01 -0.01
1.00556 0.01 -0.00777778
1.00556 0.01 -0.00555556
1.00556 0.01 -0.00333333
1.00556 0.01 -0.00111111
1.00556 0.01 0.00111111
1.00556 0.01 0.00333333
1.00556 0.01 0.00555556
1.00556 0.01 0.00777778
1.00556 0.01 0.01
1.00778 -0.01 -0.01
1.00778 -0.01 -0.00777778
1.00778 -0.01 -0.00555556
1.00778 -0.01 -0.00333333
1.00778 -0.01 -0.00111111
1.00778 -0.01 0.00111111
1.00778 -0.01 0.00333333
1.00778 -0.01 0.00555556
1.00778 -0.01 0.00777778
1.00778 -0.01 0.01
1.00778 -0.00777778 -0.01
1.00778 -0.00777778 -0.00777778
1.00778 -0.00777778 -0.00555556
1.00778 -0.00777778 -0.00333333
1.00778 -0.00777778 -0.00111111
1.00778 -0.00777778 0.00111111
1.00778 -0.00777778 0.00333333
1.00778 -0.00777778 0.00555556
1.00778 -0.00777778 0.00777778
1.00778 -0.00777778 0.01
1.00778 -0.00555556 -0.01
1.00778 -0.00555556 -0.00777778
1.00778 -0.00555556 -0.00555556
1.00778 -0.00555556 -0.00333333
1.00778 -0.00555556 -0.00111111
1.00778 -0.00555556 0.00111111
1.00778 -0.00555556 0.00333333
1.00778 -0.00555556 0.00555556
1.00778 -0.00555556 0.00777778
1.00778 -0.00555556 0.01
1.00778 -0.00333333 -0.01
1.00778 -0.00333333 -0.00777778
1.00778 -0.00333333 -0.00555556
1.00778 -0.00333333 -0.00333333
1.00778 -0.00333333 -0.00111111
1.00778 -0.00333333 0.00111111
1.00778 -0.00333333 0.00333333
1.00778 -0.00333333 0.00555556
1.00778 -0.00333333 0.00777778
1.00778 -0.00333333 0.01
1.00778 -0.00111111 -0.01
1.00778 -0.00111111 -0.00777778
1.00778 -0.00111111 -0.00555556
1.00778 -0.00111111 -0.00333333
1.00778 -0.00111111 -0.00111111
1.00778 -0.00111111 0.00111111
1.00778 -0.00111111 0.00333333
1.00778 -0.00111111 0.00555556
1.00778 -0.00111111 0.00777778
1.00778 -0.00111111 0.01
1.00778 0.00111111 -0.01
1.00778 0.00111111 -0.00777778
1.00778 0.00111111 -0.00555556
1.00778 0.00111111 -0.00333333
1.00778 0.00111111 -0.00111111
1.00778 0.00111111 0.00111111
1.00778 0.00111111 0.00333333
1.00778 0.00111111 0.00555556
1.00778 0.00111111 0.00777778
1.00778 0.00111111 0.01
1.00778 0.00333333 -0.01
1.00778 0.00333333 -0.00777778
1.00778 0.00333333 -0.00555556
1.00778 0.00333333 -0.00333333
1.00778 0.00333333 -0.00111111
1.00778 0.00333333 0.00111111
1.00778 0.00333333 0.00333333
1.00778 0.00333333 0.00555556
1.00778 0.00333333 0.00777778
1.00778 0.00333333 0.01
1.00778 0.00555556 -0.01
1.00778 0.00555556 -0.00777778
1.00778 0.00555556 -0.00555556
1.00778 0.00555556 -0.00333333
1.00778 0.00555556 -0.00111111
1.00778 0.00555556 0.00111111
1.00778 0.00555556 0.00333333
1.00778 0.00555556 0.00555556
1.00778 0.00555556 0.00777778
1.00778 0.00555556 0.01
1.00778 0.00777778 -0.01
1.00778 0.00777778 -0.00777778
1.00778 0.00777778 -0.00555556
1.00778 0.00777778 -0.00333333
1.00778 0.00777778 -0.00111111
1.00778 0.00777778 0.00111111
1.00778 0.00777778 0.00333333
1.00778 0.00777778 0.00555556
1.00778 0.00777778 0.00777778
1.00778 0.00777778 0.01
1.00778 0.01 -0.01
1.00778 0.01 -0.00777778
1.00778 0.01 -0.00555556
1.00778 0.01 -0.00333333
1.00778 0.01 -0.00111111
1.00778 0.01 0.00111111
1.00778 0.01 0.00333333
1.00778 0.01 0.00555556
1.00778 0.01 0.00777778
1.00778 0.01 0.01
1.01 -0.01 -0.01
1.01 -0.01 -0.00777778
1.01 -0.01 -0.00555556
1.01 -0.01 -0.00333333
1.01 -0.01 -0.00111111
1.01 -0.01 0.00111111
1.01 -0.01 0.00333333
1.01 -0.01 0.00555556
1.01 -0.01 0.00777778
1.01 -0.01 0.01
1.01 -0.00777778 -0.01
1.01 -0.00777778 -0.00777778
1.01 -0.00777778 -0.00555556
1.01 -0.00777778 -0.00333333
1.01 -0.00777778 -0.00111111
1.01 -0.00777778 0.00111111
1.01 -0.00777778 0.00333333
1.01 -0.00777778 0.00555556
1.01 -0.00777778 0.00777778
1.01 -0.00777778 0.01
1.01 -0.00555556 -0.01
1.01 -0.00555556 -0.00777778
1.01 -0.00555556 -0.00555556
1.01 -0.00555556 -0.00333333
1.01 -0.00555556 -0.00111111
1.01 -0.00555556 0.00111111
1.01 -0.00555556 0.00333333
1.01 -0.00555556 0.00555556
1.01 -0.00555556 0.00777778
1.01 -0.00555556 0.01
1.01 -0.00333333 -0.01
1.01 -0.00333333 -0.00777778
1.01 -0.00333333 -0.00555556
1.01 -0.00333333 -0.00333333
1.01 -0.00333333 -0.00111111
1.01 -0.00333333 0.00111111
1.01 -0.00333333 0.00333333
1.01 -0.00333333 0.00555556
1.01 -0.00333333 0.00777778
1.01 -0.00333333 0.01
1.01 -0.00111111 -0.01
1.01 -0.00111111 -0.00777778
1.01 -0.00111111 -0.00555556
1.01 -0.00111111 -0.00333333
1.01 -0.00111111 -0.00111111
1.01 -0.00111111 0.00111111
1.01 -0.00111111 0.00333333
1.01 -0.00111111 0.00555556
1.01 -0.00111111 0.00777778
1.01 -0.00111111 0.01
1.01 0.00111111 -0.01
1.01 0.00111111 -0.00777778
1.01 0.00111111 -0.00555556
1.01 0.00111111 -0.00333333
1.01 0.00111111 -0.00111111
1.01 0.00111111 0.00111111
1.01 0.00111111 0.00333333
1.01 0.00111111 0.00555556
1.01 0.00111111 0.00777778
1.01 0.00111111 0.01
1.01 0.00333333 -0.01
1.01 0.00333333 -0.00777778
1.01 0.00333333 -0.00555556
1.01 0.00333333 -0.00333333
1.01 0.00333333 -0.00111111
1.01 0.00333333 0.00111111
1.01 0.00333333 0.00333333
1.01 0.00333333 0.00555556
1.01 0.00333333 0.00777778
1.01 0.00333333 0.01
1.01 0.00555556 -0.01
1.01 0.00555556 -0.00777778
1.01 0.00555556 -0.00555556
1.01 0.00555556 -0.00333333
1.01 0.00555556 -0.00111111
1.01 0.00555556 0.00111111
1.01 0.00555556 0.00333333
1.01 0.00555556 0.00555556
1.01 0.00555556 0.00777778
1.01 0.00555556 0.01
1.01 0.00777778 -0.01
1.01 0.00777778 -0.00777778
1.01 0.00777778 -0.00555556
1.01 0.00777778 -0.00333333
1.01 0.00777778 -0.00111111
1.01 0.00777778 0.00111111
1.01 0.00777778 0.00333333
1.01 0.00777778 0.00555556
1.01 0.00777778 0.00777778
1.01 0.00777778 0.01
1.01 0.01 -0.01
1.01 0.01 -0.00777778
1.01 0.01 -0.00555556
1.01 0.01 -0.00333333
1.01 0.01 -0.00111111
1.01 0.01 0.00111111
1.01 0.01 0.00333333
1.01 0.01 0.00555556
1.01 0.01 0.00777778
1.01 0.01 0.01
